run,world,seed,order,step,precision,layer,mean_norm,company_mean_variance,within_company_variance,shared_variance_fraction,member_to_company_cosine
world-0-seed-0-AS,0,0,AS,2640,BF16 autocast,0,16.563058853149414,0.00953508261591196,0.05009639263153076,0.15990016306566002,0.6653486490249634
world-0-seed-0-AS,0,0,AS,2640,BF16 autocast,1,13.493141174316406,0.012327127158641815,0.0277410838752985,0.30765354480637924,0.7329211831092834
world-0-seed-0-AS,0,0,AS,2640,BF16 autocast,2,12.622213363647461,0.0152507983148098,0.023350397124886513,0.3950861661430914,0.7424906492233276
world-0-seed-0-AS,0,0,AS,2640,BF16 autocast,3,12.686223983764648,0.018619032576680183,0.022341595962643623,0.4545592497147641,0.758132815361023
world-0-seed-0-AS,0,0,AS,2640,BF16 autocast,4,12.974996566772461,0.0219730231910944,0.021602561697363853,0.5042507919822399,0.7781102657318115
world-0-seed-0-AS,0,0,AS,2640,BF16 autocast,5,13.712408065795898,0.027035819366574287,0.02286408841609955,0.5418009885774102,0.7909690737724304
world-0-seed-0-AS,0,0,AS,2640,BF16 autocast,6,13.076638221740723,0.025665700435638428,0.020237566903233528,0.55912578610508,0.7971426248550415
world-0-seed-0-AS,0,0,AS,2640,BF16 autocast,7,13.897867202758789,0.029406150802969933,0.02217254601418972,0.5701220197014911,0.8048573732376099
world-0-seed-0-AS,0,0,AS,5280,BF16 autocast,0,10.472536087036133,0.006937816273421049,0.016820445656776428,0.29201699576360307,0.731938362121582
world-0-seed-0-AS,0,0,AS,5280,BF16 autocast,1,9.752096176147461,0.010860234498977661,0.009770865552127361,0.5264011357647396,0.8314839005470276
world-0-seed-0-AS,0,0,AS,5280,BF16 autocast,2,10.63830852508545,0.01915908418595791,0.010408925823867321,0.6479666429898897,0.8489495515823364
world-0-seed-0-AS,0,0,AS,5280,BF16 autocast,3,11.875638961791992,0.030123762786388397,0.011014041490852833,0.7322647213588364,0.8721513748168945
world-0-seed-0-AS,0,0,AS,5280,BF16 autocast,4,12.581008911132812,0.03805568814277649,0.010050115175545216,0.791083102613578,0.8979639410972595
world-0-seed-0-AS,0,0,AS,5280,BF16 autocast,5,13.319210052490234,0.045896027237176895,0.00926503911614418,0.8320366205975936,0.9166197776794434
world-0-seed-0-AS,0,0,AS,5280,BF16 autocast,6,13.777864456176758,0.05084889009594917,0.008603718131780624,0.8552844292579297,0.9282683730125427
world-0-seed-0-AS,0,0,AS,5280,BF16 autocast,7,16.229270935058594,0.07015752792358398,0.009955757297575474,0.8757290096131776,0.9400646686553955
world-0-seed-0-AS,0,0,AS,13280,BF16 autocast,0,21.018646240234375,0.04500960186123848,0.05395674705505371,0.4547970330734192,0.796936571598053
world-0-seed-0-AS,0,0,AS,13280,BF16 autocast,1,13.403526306152344,0.033456992357969284,0.01766972430050373,0.6543935254333333,0.840666651725769
world-0-seed-0-AS,0,0,AS,13280,BF16 autocast,2,13.90888786315918,0.041149962693452835,0.016384752467274666,0.715219716974306,0.8601219058036804
world-0-seed-0-AS,0,0,AS,13280,BF16 autocast,3,13.744335174560547,0.04294458031654358,0.013915064744651318,0.7552734504467044,0.8772974610328674
world-0-seed-0-AS,0,0,AS,13280,BF16 autocast,4,13.61965560913086,0.043219659477472305,0.012388039380311966,0.7772243837675398,0.8887740969657898
world-0-seed-0-AS,0,0,AS,13280,BF16 autocast,5,12.894989013671875,0.03834766149520874,0.010752946138381958,0.781001770515246,0.8928025960922241
world-0-seed-0-AS,0,0,AS,13280,BF16 autocast,6,8.75728988647461,0.012826058082282543,0.004084284882992506,0.7584741544639586,0.9150067567825317
world-0-seed-0-AS,0,0,AS,13280,BF16 autocast,7,7.461874485015869,0.005634396802634001,0.0024881544522941113,0.6936732838977779,0.9309525489807129
world-0-seed-0-AS,0,0,AS,13280,FP32 CPU diagnostic,0,21.0186767578125,0.044998347759246826,0.053942859172821045,0.4547988563566066,0.7969940900802612
world-0-seed-0-AS,0,0,AS,13280,FP32 CPU diagnostic,1,13.39971923828125,0.03343399241566658,0.017659513279795647,0.6543687296570836,0.8406649231910706
world-0-seed-0-AS,0,0,AS,13280,FP32 CPU diagnostic,2,13.908262252807617,0.04114431142807007,0.016383616253733635,0.7152058675856695,0.860113263130188
world-0-seed-0-AS,0,0,AS,13280,FP32 CPU diagnostic,3,13.742080688476562,0.04292653128504753,0.013910668902099133,0.7552541494602872,0.8772906064987183
world-0-seed-0-AS,0,0,AS,13280,FP32 CPU diagnostic,4,13.61807632446289,0.043206047266721725,0.012385353446006775,0.7772073866242597,0.8887708187103271
world-0-seed-0-AS,0,0,AS,13280,FP32 CPU diagnostic,5,12.893346786499023,0.03833361342549324,0.010750367306172848,0.7809801253703667,0.8928009271621704
world-0-seed-0-AS,0,0,AS,13280,FP32 CPU diagnostic,6,8.756375312805176,0.01282024011015892,0.004083121195435524,0.7584432396836865,0.9150162935256958
world-0-seed-0-AS,0,0,AS,13280,FP32 CPU diagnostic,7,7.461562156677246,0.005632009357213974,0.0024874398950487375,0.6936442586477718,0.9309676289558411
world-0-seed-0-SA,0,0,SA,2640,BF16 autocast,0,19.38626480102539,0.06023004651069641,0.03863067552447319,0.6092414183387173,0.8276686072349548
world-0-seed-0-SA,0,0,SA,2640,BF16 autocast,1,17.667387008666992,0.07289017736911774,0.016380375251173973,0.8165086383989671,0.9156215190887451
world-0-seed-0-SA,0,0,SA,2640,BF16 autocast,2,17.765764236450195,0.07845479995012283,0.013221482746303082,0.8557807716736912,0.9331074953079224
world-0-seed-0-SA,0,0,SA,2640,BF16 autocast,3,17.740859985351562,0.08222625404596329,0.011616180650889874,0.87621612026143,0.9414924383163452
world-0-seed-0-SA,0,0,SA,2640,BF16 autocast,4,18.751678466796875,0.0937630757689476,0.011193466372787952,0.8933514181738947,0.9497427940368652
world-0-seed-0-SA,0,0,SA,2640,BF16 autocast,5,20.009090423583984,0.10771194845438004,0.011090724729001522,0.9066458318502473,0.9565356373786926
world-0-seed-0-SA,0,0,SA,2640,BF16 autocast,6,21.1845645904541,0.12273313850164413,0.010822460986673832,0.918966624925221,0.9623562693595886
world-0-seed-0-SA,0,0,SA,2640,BF16 autocast,7,22.609333038330078,0.13907545804977417,0.010682649910449982,0.9286673018512808,0.9672460556030273
world-0-seed-0-SA,0,0,SA,5280,BF16 autocast,0,14.89599323272705,0.01603245548903942,0.028568843379616737,0.35946162770399337,0.7812004685401917
world-0-seed-0-SA,0,0,SA,5280,BF16 autocast,1,15.545546531677246,0.034342583268880844,0.037560973316431046,0.4776200914086102,0.7438763976097107
world-0-seed-0-SA,0,0,SA,5280,BF16 autocast,2,14.139045715332031,0.030171679332852364,0.02949943207204342,0.5056329373207702,0.7491675019264221
world-0-seed-0-SA,0,0,SA,5280,BF16 autocast,3,10.214993476867676,0.013973191380500793,0.014234150759875774,0.49537426500383674,0.7692477107048035
world-0-seed-0-SA,0,0,SA,5280,BF16 autocast,4,10.346768379211426,0.01494806632399559,0.014396200887858868,0.5094032921686622,0.773593008518219
world-0-seed-0-SA,0,0,SA,5280,BF16 autocast,5,10.839510917663574,0.017613006755709648,0.015127547085285187,0.5379568971633032,0.7829805612564087
world-0-seed-0-SA,0,0,SA,5280,BF16 autocast,6,12.592793464660645,0.026532670482993126,0.019635356962680817,0.5746979446807469,0.7889612317085266
world-0-seed-0-SA,0,0,SA,5280,BF16 autocast,7,14.232643127441406,0.03500752151012421,0.02290409244596958,0.6044991517015131,0.810089111328125
world-0-seed-0-SA,0,0,SA,13280,BF16 autocast,0,28.133337020874023,0.08405128866434097,0.12391218543052673,0.4041637072575489,0.740769624710083
world-0-seed-0-SA,0,0,SA,13280,BF16 autocast,1,16.21929931640625,0.05243967846035957,0.03196724131703377,0.6212722677081324,0.7951321601867676
world-0-seed-0-SA,0,0,SA,13280,BF16 autocast,2,17.643218994140625,0.05992530286312103,0.03731643781065941,0.6162508244700607,0.7912693023681641
world-0-seed-0-SA,0,0,SA,13280,BF16 autocast,3,12.79702091217041,0.02933547832071781,0.021866822615265846,0.5729328132615539,0.772966742515564
world-0-seed-0-SA,0,0,SA,13280,BF16 autocast,4,12.355765342712402,0.02750411443412304,0.020101701840758324,0.5777469348558415,0.7781925201416016
world-0-seed-0-SA,0,0,SA,13280,BF16 autocast,5,11.492324829101562,0.02315095067024231,0.017068900167942047,0.5756100579135667,0.7854329943656921
world-0-seed-0-SA,0,0,SA,13280,BF16 autocast,6,11.69815444946289,0.024812936782836914,0.01666867546737194,0.5981671260309316,0.7989511489868164
world-0-seed-0-SA,0,0,SA,13280,BF16 autocast,7,11.40353775024414,0.02216188609600067,0.016096480190753937,0.5792690134725725,0.7995983958244324
world-0-seed-0-SA,0,0,SA,13280,FP32 CPU diagnostic,0,28.12870979309082,0.08401749283075333,0.12386810034513474,0.4041525511566726,0.7407740354537964
world-0-seed-0-SA,0,0,SA,13280,FP32 CPU diagnostic,1,16.219579696655273,0.05243934318423271,0.03196841850876808,0.6212620987979717,0.7951256036758423
world-0-seed-0-SA,0,0,SA,13280,FP32 CPU diagnostic,2,17.642927169799805,0.05992119386792183,0.03731485828757286,0.616244618529957,0.7912686467170715
world-0-seed-0-SA,0,0,SA,13280,FP32 CPU diagnostic,3,12.79644775390625,0.029331723228096962,0.021865934133529663,0.5729114326641341,0.7729502320289612
world-0-seed-0-SA,0,0,SA,13280,FP32 CPU diagnostic,4,12.354621887207031,0.02749769389629364,0.020098844543099403,0.577724658092684,0.7781816124916077
world-0-seed-0-SA,0,0,SA,13280,FP32 CPU diagnostic,5,11.491662979125977,0.023147381842136383,0.017067039385437965,0.5755990297894581,0.785428524017334
world-0-seed-0-SA,0,0,SA,13280,FP32 CPU diagnostic,6,11.6980619430542,0.024811379611492157,0.01666882075369358,0.5981499460720133,0.7989437580108643
world-0-seed-0-SA,0,0,SA,13280,FP32 CPU diagnostic,7,11.403741836547852,0.022162392735481262,0.01609710417687893,0.5792651373918467,0.7995951175689697
world-0-seed-1-AS,0,1,AS,2640,BF16 autocast,0,14.863880157470703,0.00989711843430996,0.04635792598128319,0.17593299475853957,0.6001788377761841
world-0-seed-1-AS,0,1,AS,2640,BF16 autocast,1,12.990884780883789,0.013965505175292492,0.02962840534746647,0.3203544946490074,0.6828835010528564
world-0-seed-1-AS,0,1,AS,2640,BF16 autocast,2,12.651751518249512,0.0170541163533926,0.025425730273127556,0.4014636988530397,0.7170226573944092
world-0-seed-1-AS,0,1,AS,2640,BF16 autocast,3,12.926568984985352,0.02143811248242855,0.024519970640540123,0.4664709889023707,0.7426258325576782
world-0-seed-1-AS,0,1,AS,2640,BF16 autocast,4,13.460914611816406,0.026479572057724,0.024351447820663452,0.5209333222326844,0.7672991752624512
world-0-seed-1-AS,0,1,AS,2640,BF16 autocast,5,13.337432861328125,0.02807297371327877,0.022225402295589447,0.5581288292156622,0.7849080562591553
world-0-seed-1-AS,0,1,AS,2640,BF16 autocast,6,13.540266036987305,0.029902398586273193,0.02127981185913086,0.584234215874088,0.8015601634979248
world-0-seed-1-AS,0,1,AS,2640,BF16 autocast,7,14.214176177978516,0.03282083198428154,0.02207035757601261,0.597925318201205,0.8144139051437378
world-0-seed-1-AS,0,1,AS,5280,BF16 autocast,0,11.159012794494629,0.009724020957946777,0.019424429163336754,0.33360336201362967,0.7284875512123108
world-0-seed-1-AS,0,1,AS,5280,BF16 autocast,1,10.01991081237793,0.012885584495961666,0.010245965793728828,0.5570566751725519,0.8323902487754822
world-0-seed-1-AS,0,1,AS,5280,BF16 autocast,2,10.714032173156738,0.020065750926733017,0.010162624530494213,0.6638051374982358,0.8566393852233887
world-0-seed-1-AS,0,1,AS,5280,BF16 autocast,3,11.65744686126709,0.02921242266893387,0.010259310714900494,0.7400846166258765,0.8785327672958374
world-0-seed-1-AS,0,1,AS,5280,BF16 autocast,4,12.649436950683594,0.03861269727349281,0.010037331841886044,0.7936829222017233,0.8985437154769897
world-0-seed-1-AS,0,1,AS,5280,BF16 autocast,5,13.395379066467285,0.04607321321964264,0.009450017474591732,0.8298006553935443,0.9152114987373352
world-0-seed-1-AS,0,1,AS,5280,BF16 autocast,6,14.050090789794922,0.052697230130434036,0.008971423842012882,0.8545221394645447,0.9275559186935425
world-0-seed-1-AS,0,1,AS,5280,BF16 autocast,7,15.506972312927246,0.06389463692903519,0.00917639397084713,0.8744181673935859,0.9392595291137695
world-0-seed-1-AS,0,1,AS,13280,BF16 autocast,0,18.053396224975586,0.03523871302604675,0.046910908073186874,0.4289577061284278,0.7562658786773682
world-0-seed-1-AS,0,1,AS,13280,BF16 autocast,1,13.364773750305176,0.033096712082624435,0.01921224407851696,0.6327159727804107,0.8245386481285095
world-0-seed-1-AS,0,1,AS,13280,BF16 autocast,2,14.804556846618652,0.04731302335858345,0.019615769386291504,0.7069158342499227,0.850348711013794
world-0-seed-1-AS,0,1,AS,13280,BF16 autocast,3,14.945116996765137,0.05198771879076958,0.017137998715043068,0.7520749247398124,0.8719303607940674
world-0-seed-1-AS,0,1,AS,13280,BF16 autocast,4,14.378828048706055,0.049198806285858154,0.014240115880966187,0.775530299151061,0.8839530348777771
world-0-seed-1-AS,0,1,AS,13280,BF16 autocast,5,13.287989616394043,0.040886472910642624,0.011809679679572582,0.7758910451886493,0.8882256746292114
world-0-seed-1-AS,0,1,AS,13280,BF16 autocast,6,11.579116821289062,0.028995230793952942,0.009009070694446564,0.7629460260650625,0.8893749713897705
world-0-seed-1-AS,0,1,AS,13280,BF16 autocast,7,8.68429946899414,0.010873873718082905,0.004764011595398188,0.6953544868824921,0.8991014957427979
world-0-seed-1-AS,0,1,AS,13280,FP32 CPU diagnostic,0,18.049901962280273,0.03522620350122452,0.046884920448064804,0.42900647082823673,0.7563073039054871
world-0-seed-1-AS,0,1,AS,13280,FP32 CPU diagnostic,1,13.361411094665527,0.03307883441448212,0.01919955015182495,0.6327440047908657,0.8245710134506226
world-0-seed-1-AS,0,1,AS,13280,FP32 CPU diagnostic,2,14.801481246948242,0.047292232513427734,0.019604356959462166,0.7069453448384404,0.850372314453125
world-0-seed-1-AS,0,1,AS,13280,FP32 CPU diagnostic,3,14.942914962768555,0.05197138711810112,0.0171306561678648,0.7520962426975889,0.8719448447227478
world-0-seed-1-AS,0,1,AS,13280,FP32 CPU diagnostic,4,14.375733375549316,0.04917466267943382,0.014231369830667973,0.7755518005577681,0.8839758634567261
world-0-seed-1-AS,0,1,AS,13280,FP32 CPU diagnostic,5,13.285249710083008,0.040866389870643616,0.011801854707300663,0.7759208646144456,0.8882519006729126
world-0-seed-1-AS,0,1,AS,13280,FP32 CPU diagnostic,6,11.577861785888672,0.02898646704852581,0.009005186147987843,0.7629693527310306,0.8893967866897583
world-0-seed-1-AS,0,1,AS,13280,FP32 CPU diagnostic,7,8.684194564819336,0.010873052291572094,0.004762896802276373,0.6953880590369661,0.8991212844848633
world-0-seed-1-SA,0,1,SA,2640,BF16 autocast,0,18.91189193725586,0.055924803018569946,0.03922254592180252,0.5877704806427896,0.8155613541603088
world-0-seed-1-SA,0,1,SA,2640,BF16 autocast,1,18.333911895751953,0.07814311236143112,0.01747959293425083,0.8172024847006691,0.9172477126121521
world-0-seed-1-SA,0,1,SA,2640,BF16 autocast,2,17.93227767944336,0.08013477176427841,0.013158936984837055,0.8589515074352555,0.9353772401809692
world-0-seed-1-SA,0,1,SA,2640,BF16 autocast,3,18.636646270751953,0.0899069532752037,0.012010830454528332,0.8821517696422939,0.9455309510231018
world-0-seed-1-SA,0,1,SA,2640,BF16 autocast,4,19.342567443847656,0.09830261021852493,0.0113295903429389,0.8966581872395499,0.9524571895599365
world-0-seed-1-SA,0,1,SA,2640,BF16 autocast,5,20.38807487487793,0.11062493920326233,0.011201721616089344,0.9080519687500949,0.9576601982116699
world-0-seed-1-SA,0,1,SA,2640,BF16 autocast,6,21.670969009399414,0.12563647329807281,0.011185956187546253,0.9182447188695625,0.9627132415771484
world-0-seed-1-SA,0,1,SA,2640,BF16 autocast,7,22.499244689941406,0.13572382926940918,0.010728827677667141,0.9267420072717136,0.9668792486190796
world-0-seed-1-SA,0,1,SA,5280,BF16 autocast,0,31.977310180664062,0.09153318405151367,0.14102329313755035,0.3935955048764302,0.7634211778640747
world-0-seed-1-SA,0,1,SA,5280,BF16 autocast,1,10.158295631408691,0.011153961531817913,0.018302055075764656,0.37866496615658,0.7037057280540466
world-0-seed-1-SA,0,1,SA,5280,BF16 autocast,2,11.358953475952148,0.015363167971372604,0.02448982559144497,0.3854959589712297,0.6689597368240356
world-0-seed-1-SA,0,1,SA,5280,BF16 autocast,3,11.752049446105957,0.01626129262149334,0.026161430403590202,0.383315625729127,0.6571664810180664
world-0-seed-1-SA,0,1,SA,5280,BF16 autocast,4,12.211285591125488,0.01768627017736435,0.0279440488666296,0.38759909086571004,0.6602750420570374
world-0-seed-1-SA,0,1,SA,5280,BF16 autocast,5,13.171225547790527,0.021926483139395714,0.030945032835006714,0.4147125864522468,0.6762682795524597
world-0-seed-1-SA,0,1,SA,5280,BF16 autocast,6,15.478678703308105,0.03464040532708168,0.04025730863213539,0.4625028388175359,0.7046476602554321
world-0-seed-1-SA,0,1,SA,5280,BF16 autocast,7,17.823270797729492,0.04902127385139465,0.04828687384724617,0.5037735791992614,0.7312270402908325
world-0-seed-1-SA,0,1,SA,13280,BF16 autocast,0,44.006900787353516,0.16993093490600586,0.1871398240327835,0.4759026905788613,0.8409287929534912
world-0-seed-1-SA,0,1,SA,13280,BF16 autocast,1,8.534417152404785,0.0106654679402709,0.011778595857322216,0.4752021753482387,0.7384927272796631
world-0-seed-1-SA,0,1,SA,13280,BF16 autocast,2,9.202601432800293,0.012336436659097672,0.014144361019134521,0.4658634837589692,0.7167448997497559
world-0-seed-1-SA,0,1,SA,13280,BF16 autocast,3,9.390190124511719,0.012187089771032333,0.014900133945047855,0.44992022433799783,0.7042434811592102
world-0-seed-1-SA,0,1,SA,13280,BF16 autocast,4,9.554140090942383,0.012408998794853687,0.014902502298355103,0.45435066906444327,0.7184053659439087
world-0-seed-1-SA,0,1,SA,13280,BF16 autocast,5,10.999638557434082,0.018123073503375053,0.018565885722637177,0.49396532051325986,0.7354753017425537
world-0-seed-1-SA,0,1,SA,13280,BF16 autocast,6,13.680553436279297,0.03185250982642174,0.025867164134979248,0.5518484017723756,0.7634320259094238
world-0-seed-1-SA,0,1,SA,13280,BF16 autocast,7,14.325881004333496,0.03483663499355316,0.027041926980018616,0.5629839136926263,0.7744247913360596
world-0-seed-1-SA,0,1,SA,13280,FP32 CPU diagnostic,0,43.99668502807617,0.1698521375656128,0.18706651031970978,0.4758847389228764,0.8409174084663391
world-0-seed-1-SA,0,1,SA,13280,FP32 CPU diagnostic,1,8.535867691040039,0.010668911039829254,0.01178146991878748,0.47522182627971815,0.7384955286979675
world-0-seed-1-SA,0,1,SA,13280,FP32 CPU diagnostic,2,9.20405101776123,0.01234032679349184,0.014148165471851826,0.4658750173424314,0.716746985912323
world-0-seed-1-SA,0,1,SA,13280,FP32 CPU diagnostic,3,9.390569686889648,0.012187869288027287,0.014900755137205124,0.4499257362317215,0.7042527198791504
world-0-seed-1-SA,0,1,SA,13280,FP32 CPU diagnostic,4,9.554254531860352,0.012409512884914875,0.014901668764650822,0.45437480677853465,0.7184118628501892
world-0-seed-1-SA,0,1,SA,13280,FP32 CPU diagnostic,5,11.000211715698242,0.018124638125300407,0.01856723427772522,0.4939687439828184,0.7354669570922852
world-0-seed-1-SA,0,1,SA,13280,FP32 CPU diagnostic,6,13.681967735290527,0.03185862675309181,0.02587108500301838,0.5518584067712732,0.7634357810020447
world-0-seed-1-SA,0,1,SA,13280,FP32 CPU diagnostic,7,14.32498836517334,0.03483195975422859,0.02703920006752014,0.5629757039399249,0.7744183540344238
world-1-seed-0-AS,1,0,AS,2640,BF16 autocast,0,16.251819610595703,0.01045199017971754,0.05557643249630928,0.1582953182298626,0.5980708599090576
world-1-seed-0-AS,1,0,AS,2640,BF16 autocast,1,12.856082916259766,0.010959583334624767,0.030073225498199463,0.267093178516642,0.6675311326980591
world-1-seed-0-AS,1,0,AS,2640,BF16 autocast,2,12.643135070800781,0.014501421712338924,0.027119474485516548,0.3484168539620758,0.6941796541213989
world-1-seed-0-AS,1,0,AS,2640,BF16 autocast,3,12.414204597473145,0.017228370532393456,0.023727742955088615,0.4206544289818705,0.7272728681564331
world-1-seed-0-AS,1,0,AS,2640,BF16 autocast,4,12.700066566467285,0.02086160145699978,0.022855201736092567,0.477198695541766,0.7522352933883667
world-1-seed-0-AS,1,0,AS,2640,BF16 autocast,5,12.73858642578125,0.023215167224407196,0.021276801824569702,0.5217833177680193,0.7730768322944641
world-1-seed-0-AS,1,0,AS,2640,BF16 autocast,6,13.488911628723145,0.028504878282546997,0.022376930341124535,0.5602174736627933,0.789250910282135
world-1-seed-0-AS,1,0,AS,2640,BF16 autocast,7,14.147533416748047,0.03182772919535637,0.023386260494589806,0.5764432053196081,0.8014664649963379
world-1-seed-0-AS,1,0,AS,5280,BF16 autocast,0,11.1973876953125,0.008795707486569881,0.01931159384548664,0.31293319065599273,0.7295034527778625
world-1-seed-0-AS,1,0,AS,5280,BF16 autocast,1,10.496953010559082,0.014130905270576477,0.012210756540298462,0.5364469930573116,0.8167117834091187
world-1-seed-0-AS,1,0,AS,5280,BF16 autocast,2,11.51135540008545,0.024025985971093178,0.01250114943832159,0.6577571906966607,0.8446193337440491
world-1-seed-0-AS,1,0,AS,5280,BF16 autocast,3,12.567483901977539,0.03399989381432533,0.011985563673079014,0.7393618694266134,0.8759063482284546
world-1-seed-0-AS,1,0,AS,5280,BF16 autocast,4,13.268630981445312,0.040782082825899124,0.011000250466167927,0.7875675009829435,0.8985258340835571
world-1-seed-0-AS,1,0,AS,5280,BF16 autocast,5,13.337077140808105,0.04350640997290611,0.009608614258468151,0.8190979972707518,0.9126805663108826
world-1-seed-0-AS,1,0,AS,5280,BF16 autocast,6,13.938787460327148,0.04970264434814453,0.009420176036655903,0.8406676816947372,0.9219825267791748
world-1-seed-0-AS,1,0,AS,5280,BF16 autocast,7,15.388875007629395,0.060197073966264725,0.009988236241042614,0.8576876527076646,0.9330211877822876
world-1-seed-0-AS,1,0,AS,13280,BF16 autocast,0,11.736528396606445,0.012464565224945545,0.020078694447875023,0.38301526491999455,0.7525537014007568
world-1-seed-0-AS,1,0,AS,13280,BF16 autocast,1,9.83655071258545,0.012353044003248215,0.01020267978310585,0.5476678168368799,0.8294931650161743
world-1-seed-0-AS,1,0,AS,13280,BF16 autocast,2,10.720706939697266,0.019385581836104393,0.01036339346319437,0.6516386410311533,0.8553600907325745
world-1-seed-0-AS,1,0,AS,13280,BF16 autocast,3,12.149709701538086,0.030134955421090126,0.011432928033173084,0.7249576576167839,0.8712804913520813
world-1-seed-0-AS,1,0,AS,13280,BF16 autocast,4,12.826849937438965,0.03623466566205025,0.011821202002465725,0.7540112669488975,0.8802343606948853
world-1-seed-0-AS,1,0,AS,13280,BF16 autocast,5,13.06128978729248,0.03899236023426056,0.011184467934072018,0.7770989450239758,0.8895711302757263
world-1-seed-0-AS,1,0,AS,13280,BF16 autocast,6,11.97508430480957,0.030681496486067772,0.008882115595042706,0.7754978595778053,0.8975405693054199
world-1-seed-0-AS,1,0,AS,13280,BF16 autocast,7,9.270622253417969,0.013721182942390442,0.005046050529927015,0.7311244335841948,0.9058753252029419
world-1-seed-0-AS,1,0,AS,13280,FP32 CPU diagnostic,0,11.74238395690918,0.012480047531425953,0.020098285749554634,0.3830781465641115,0.7525520324707031
world-1-seed-0-AS,1,0,AS,13280,FP32 CPU diagnostic,1,9.837444305419922,0.012360062450170517,0.010201611556112766,0.5478344579718827,0.8295474052429199
world-1-seed-0-AS,1,0,AS,13280,FP32 CPU diagnostic,2,10.72348403930664,0.019403479993343353,0.01036631129682064,0.6517842132052268,0.855394721031189
world-1-seed-0-AS,1,0,AS,13280,FP32 CPU diagnostic,3,12.151816368103027,0.03015202283859253,0.011433432810008526,0.7250617401761438,0.8713138103485107
world-1-seed-0-AS,1,0,AS,13280,FP32 CPU diagnostic,4,12.826096534729004,0.03623364493250847,0.011815294623374939,0.7540987432275558,0.8802801370620728
world-1-seed-0-AS,1,0,AS,13280,FP32 CPU diagnostic,5,13.060973167419434,0.03899369388818741,0.011180714704096317,0.7771629996688035,0.8896036148071289
world-1-seed-0-AS,1,0,AS,13280,FP32 CPU diagnostic,6,11.974187850952148,0.030678624287247658,0.008878452703356743,0.7755533679734335,0.8975686430931091
world-1-seed-0-AS,1,0,AS,13280,FP32 CPU diagnostic,7,9.270650863647461,0.013722087256610394,0.0050437902100384235,0.7312254532727088,0.9059162735939026
world-1-seed-0-SA,1,0,SA,2640,BF16 autocast,0,20.94867515563965,0.07432982325553894,0.043666232377290726,0.6299348131333501,0.8333196640014648
world-1-seed-0-SA,1,0,SA,2640,BF16 autocast,1,18.75440216064453,0.0836840495467186,0.01743156462907791,0.8276075878966435,0.9208997488021851
world-1-seed-0-SA,1,0,SA,2640,BF16 autocast,2,18.69866180419922,0.08796247839927673,0.01385781541466713,0.8638992788609557,0.9372048377990723
world-1-seed-0-SA,1,0,SA,2640,BF16 autocast,3,18.608247756958008,0.09036453813314438,0.011971767991781235,0.8830154375792413,0.9454244375228882
world-1-seed-0-SA,1,0,SA,2640,BF16 autocast,4,19.392349243164062,0.09919727593660355,0.011362504214048386,0.8972275071588827,0.9524747133255005
world-1-seed-0-SA,1,0,SA,2640,BF16 autocast,5,20.61745262145996,0.11294756084680557,0.011364887468516827,0.9085780416801909,0.958084225654602
world-1-seed-0-SA,1,0,SA,2640,BF16 autocast,6,21.712005615234375,0.1265738159418106,0.011273924261331558,0.9182146602859248,0.9625464081764221
world-1-seed-0-SA,1,0,SA,2640,BF16 autocast,7,22.847917556762695,0.13998465240001678,0.011033250950276852,0.926940775196139,0.9668095707893372
world-1-seed-0-SA,1,0,SA,5280,BF16 autocast,0,16.275192260742188,0.0016284603625535965,0.010728483088314533,0.13178504611827693,0.9373304843902588
world-1-seed-0-SA,1,0,SA,5280,BF16 autocast,1,8.324851989746094,0.005883213132619858,0.006205742713063955,0.48666015557666,0.862899661064148
world-1-seed-0-SA,1,0,SA,5280,BF16 autocast,2,9.324482917785645,0.010833329521119595,0.010174659080803394,0.5156766659768633,0.8133142590522766
world-1-seed-0-SA,1,0,SA,5280,BF16 autocast,3,10.295280456542969,0.014895734377205372,0.013711399398744106,0.5206999937102569,0.7829487323760986
world-1-seed-0-SA,1,0,SA,5280,BF16 autocast,4,11.340542793273926,0.01931404508650303,0.01661444641649723,0.5375690511495642,0.7803889513015747
world-1-seed-0-SA,1,0,SA,5280,BF16 autocast,5,11.957340240478516,0.023754647001624107,0.018599167466163635,0.5608620451338743,0.7803718447685242
world-1-seed-0-SA,1,0,SA,5280,BF16 autocast,6,13.498112678527832,0.03153982758522034,0.022931592538952827,0.5790160695888243,0.7864876389503479
world-1-seed-0-SA,1,0,SA,5280,BF16 autocast,7,17.97104263305664,0.057096611708402634,0.03659067675471306,0.6094381921500625,0.8116804361343384
world-1-seed-0-SA,1,0,SA,13280,BF16 autocast,0,28.164525985717773,0.02581062912940979,0.07202350348234177,0.26382028889485437,0.8556252121925354
world-1-seed-0-SA,1,0,SA,13280,BF16 autocast,1,5.930936813354492,0.0035033375024795532,0.004661450628191233,0.4290788011166351,0.8037508726119995
world-1-seed-0-SA,1,0,SA,13280,BF16 autocast,2,7.805454730987549,0.008041956461966038,0.009649739600718021,0.45456107958628184,0.7556462287902832
world-1-seed-0-SA,1,0,SA,13280,BF16 autocast,3,9.936305046081543,0.015174451284110546,0.015238841064274311,0.4989414204252177,0.7488791942596436
world-1-seed-0-SA,1,0,SA,13280,BF16 autocast,4,10.086078643798828,0.015254023484885693,0.01475191954523325,0.5083667415343095,0.761561393737793
world-1-seed-0-SA,1,0,SA,13280,BF16 autocast,5,10.570513725280762,0.017904074862599373,0.01586342789232731,0.5302161368739998,0.7702175378799438
world-1-seed-0-SA,1,0,SA,13280,BF16 autocast,6,11.375946044921875,0.02143983729183674,0.01686316914856434,0.5597429362417494,0.784436821937561
world-1-seed-0-SA,1,0,SA,13280,BF16 autocast,7,13.121206283569336,0.026983560994267464,0.019135059788823128,0.5850903720902468,0.817427933216095
world-1-seed-0-SA,1,0,SA,13280,FP32 CPU diagnostic,0,28.164777755737305,0.02580569125711918,0.07200627028942108,0.26382960579765574,0.8556637167930603
world-1-seed-0-SA,1,0,SA,13280,FP32 CPU diagnostic,1,5.929652690887451,0.0035015575122088194,0.004658979829400778,0.42908418473313015,0.8037643432617188
world-1-seed-0-SA,1,0,SA,13280,FP32 CPU diagnostic,2,7.803600311279297,0.008037189953029156,0.009644175879657269,0.4545570760247102,0.7556705474853516
world-1-seed-0-SA,1,0,SA,13280,FP32 CPU diagnostic,3,9.933626174926758,0.015164817683398724,0.01523085031658411,0.4989137821681461,0.7488898038864136
world-1-seed-0-SA,1,0,SA,13280,FP32 CPU diagnostic,4,10.084062576293945,0.015246455557644367,0.014746718108654022,0.5083308531226203,0.761559784412384
world-1-seed-0-SA,1,0,SA,13280,FP32 CPU diagnostic,5,10.569348335266113,0.017898520454764366,0.015860142186284065,0.5301904475623652,0.7702150344848633
world-1-seed-0-SA,1,0,SA,13280,FP32 CPU diagnostic,6,11.374787330627441,0.021434733644127846,0.01685936748981476,0.5597398296190538,0.7844343185424805
world-1-seed-0-SA,1,0,SA,13280,FP32 CPU diagnostic,7,13.119735717773438,0.026975268498063087,0.019130313768982887,0.585075975004955,0.8174272775650024
world-1-seed-1-AS,1,1,AS,2640,BF16 autocast,0,13.555816650390625,0.0073013813234865665,0.03655116632580757,0.16649845253868828,0.627564013004303
world-1-seed-1-AS,1,1,AS,2640,BF16 autocast,1,12.73981761932373,0.01179687399417162,0.0272018164396286,0.30249410590329084,0.7000681161880493
world-1-seed-1-AS,1,1,AS,2640,BF16 autocast,2,12.366046905517578,0.015043959952890873,0.023137403652071953,0.39401316591363056,0.7336177825927734
world-1-seed-1-AS,1,1,AS,2640,BF16 autocast,3,12.377012252807617,0.01796473003923893,0.02115977555513382,0.45916823142738405,0.7600072622299194
world-1-seed-1-AS,1,1,AS,2640,BF16 autocast,4,13.310720443725586,0.02437802590429783,0.02241494692862034,0.5209762156241599,0.7815570831298828
world-1-seed-1-AS,1,1,AS,2640,BF16 autocast,5,13.91141128540039,0.029797732830047607,0.022905269637703896,0.5653896634879687,0.7963680624961853
world-1-seed-1-AS,1,1,AS,2640,BF16 autocast,6,13.94741439819336,0.03164762631058693,0.021938100457191467,0.5905980607062876,0.8070690035820007
world-1-seed-1-AS,1,1,AS,2640,BF16 autocast,7,14.651639938354492,0.035338494926691055,0.022969281300902367,0.606068301914892,0.8178406953811646
world-1-seed-1-AS,1,1,AS,5280,BF16 autocast,0,10.985787391662598,0.008621176704764366,0.01900157891213894,0.31210415153109394,0.7258356809616089
world-1-seed-1-AS,1,1,AS,5280,BF16 autocast,1,9.932026863098145,0.012082182802259922,0.01023922674357891,0.5412822509012334,0.8303695917129517
world-1-seed-1-AS,1,1,AS,5280,BF16 autocast,2,11.229992866516113,0.022500494495034218,0.01164680439978838,0.6589245774413429,0.8473403453826904
world-1-seed-1-AS,1,1,AS,5280,BF16 autocast,3,11.62419605255127,0.02793937735259533,0.01038693729788065,0.7289867968625141,0.8737430572509766
world-1-seed-1-AS,1,1,AS,5280,BF16 autocast,4,12.84021282196045,0.03895645588636398,0.010825805366039276,0.7825368897738317,0.8924229145050049
world-1-seed-1-AS,1,1,AS,5280,BF16 autocast,5,13.591314315795898,0.046756114810705185,0.01018346194177866,0.821153185137885,0.9101340770721436
world-1-seed-1-AS,1,1,AS,5280,BF16 autocast,6,14.158051490783691,0.05297168716788292,0.009594864211976528,0.8466454678998789,0.9227585792541504
world-1-seed-1-AS,1,1,AS,5280,BF16 autocast,7,16.03215980529785,0.06760118156671524,0.010129645466804504,0.8696830349889844,0.9373156428337097
world-1-seed-1-AS,1,1,AS,13280,BF16 autocast,0,18.034337997436523,0.029867107048630714,0.044938504695892334,0.399262920950813,0.7729530930519104
world-1-seed-1-AS,1,1,AS,13280,BF16 autocast,1,13.957672119140625,0.03426121920347214,0.021919218823313713,0.6098425075848819,0.8179557919502258
world-1-seed-1-AS,1,1,AS,13280,BF16 autocast,2,16.43859100341797,0.05639342591166496,0.025152524933218956,0.6915539683746665,0.8437194228172302
world-1-seed-1-AS,1,1,AS,13280,BF16 autocast,3,14.6116304397583,0.046825606375932693,0.017387399449944496,0.7292230876546578,0.8644720315933228
world-1-seed-1-AS,1,1,AS,13280,BF16 autocast,4,15.189215660095215,0.05307844653725624,0.017473885789513588,0.7523273120358144,0.8748075366020203
world-1-seed-1-AS,1,1,AS,13280,BF16 autocast,5,13.436474800109863,0.040975768119096756,0.013219601474702358,0.7560750747935685,0.880042552947998
world-1-seed-1-AS,1,1,AS,13280,BF16 autocast,6,9.936575889587402,0.017985662445425987,0.006124958395957947,0.7459643019459312,0.9005923867225647
world-1-seed-1-AS,1,1,AS,13280,BF16 autocast,7,8.540170669555664,0.009899649769067764,0.00405536824837327,0.7093971327514693,0.9130967855453491
world-1-seed-1-AS,1,1,AS,13280,FP32 CPU diagnostic,0,18.027088165283203,0.029842836782336235,0.044902462512254715,0.3992603824451587,0.7729493975639343
world-1-seed-1-AS,1,1,AS,13280,FP32 CPU diagnostic,1,13.95527172088623,0.034247688949108124,0.021912774071097374,0.609818493426353,0.8179499506950378
world-1-seed-1-AS,1,1,AS,13280,FP32 CPU diagnostic,2,16.43838119506836,0.05639174208045006,0.025152182206511497,0.6915505057372717,0.8437182903289795
world-1-seed-1-AS,1,1,AS,13280,FP32 CPU diagnostic,3,14.608709335327148,0.04680425301194191,0.017379319295287132,0.7292248051869545,0.8644826412200928
world-1-seed-1-AS,1,1,AS,13280,FP32 CPU diagnostic,4,15.185115814208984,0.05304764583706856,0.01746312528848648,0.752333934096526,0.8748161792755127
world-1-seed-1-AS,1,1,AS,13280,FP32 CPU diagnostic,5,13.434154510498047,0.040958937257528305,0.01321306824684143,0.7560904728591669,0.8800609111785889
world-1-seed-1-AS,1,1,AS,13280,FP32 CPU diagnostic,6,9.934916496276855,0.01797630824148655,0.0061216107569634914,0.7459693197011232,0.900614857673645
world-1-seed-1-AS,1,1,AS,13280,FP32 CPU diagnostic,7,8.539485931396484,0.009895808063447475,0.0040534441359341145,0.709414950852074,0.9131250977516174
world-1-seed-1-SA,1,1,SA,2640,BF16 autocast,0,17.391319274902344,0.0396951399743557,0.03968429937958717,0.5000682833921275,0.7731066942214966
world-1-seed-1-SA,1,1,SA,2640,BF16 autocast,1,16.03003692626953,0.055820267647504807,0.01774146407842636,0.7588220986351204,0.8876520395278931
world-1-seed-1-SA,1,1,SA,2640,BF16 autocast,2,16.174835205078125,0.063348688185215,0.013964290730655193,0.8193797351172984,0.9145228862762451
world-1-seed-1-SA,1,1,SA,2640,BF16 autocast,3,17.24801254272461,0.0761825367808342,0.012818004935979843,0.8559783492468535,0.9315441846847534
world-1-seed-1-SA,1,1,SA,2640,BF16 autocast,4,18.64375877380371,0.09088722616434097,0.012260290794074535,0.8811382847052214,0.9442442059516907
world-1-seed-1-SA,1,1,SA,2640,BF16 autocast,5,19.987947463989258,0.10623706132173538,0.011732358485460281,0.9005474596328849,0.9539424180984497
world-1-seed-1-SA,1,1,SA,2640,BF16 autocast,6,21.062456130981445,0.11990799754858017,0.010882499627768993,0.9167944165462132,0.9616652727127075
world-1-seed-1-SA,1,1,SA,2640,BF16 autocast,7,22.716638565063477,0.13919790089130402,0.010319315828382969,0.9309824242667017,0.9687948226928711
world-1-seed-1-SA,1,1,SA,5280,BF16 autocast,0,13.279487609863281,0.0010696130339056253,0.005403557326644659,0.16523789338593856,0.9532725811004639
world-1-seed-1-SA,1,1,SA,5280,BF16 autocast,1,8.248348236083984,0.004456476774066687,0.008280253037810326,0.3498917571377716,0.8148432374000549
world-1-seed-1-SA,1,1,SA,5280,BF16 autocast,2,10.630379676818848,0.011072025634348392,0.016867071390151978,0.396291462986048,0.7589192986488342
world-1-seed-1-SA,1,1,SA,5280,BF16 autocast,3,9.846146583557129,0.00985740590840578,0.015368458814918995,0.39076582771377727,0.7300451993942261
world-1-seed-1-SA,1,1,SA,5280,BF16 autocast,4,9.6041259765625,0.010050645098090172,0.015152662992477417,0.39878277335552054,0.7244284152984619
world-1-seed-1-SA,1,1,SA,5280,BF16 autocast,5,9.941386222839355,0.01171207893639803,0.016366256400942802,0.41712155637739545,0.7189717292785645
world-1-seed-1-SA,1,1,SA,5280,BF16 autocast,6,11.011005401611328,0.015727968886494637,0.01946204900741577,0.44694404344751254,0.7182705402374268
world-1-seed-1-SA,1,1,SA,5280,BF16 autocast,7,15.417327880859375,0.03446400538086891,0.034438010305166245,0.5001886379915292,0.7470618486404419
world-1-seed-1-SA,1,1,SA,13280,BF16 autocast,0,17.23863410949707,0.005270468536764383,0.02936411090195179,0.15217359708640793,0.8386685252189636
world-1-seed-1-SA,1,1,SA,13280,BF16 autocast,1,8.46120834350586,0.006324291229248047,0.013788041658699512,0.31444841652546024,0.7119931578636169
world-1-seed-1-SA,1,1,SA,13280,BF16 autocast,2,10.716560363769531,0.01306714117527008,0.020500078797340393,0.38928279392610865,0.7310357093811035
world-1-seed-1-SA,1,1,SA,13280,BF16 autocast,3,9.549388885498047,0.010997812263667583,0.01487075537443161,0.4251419103495324,0.7217070460319519
world-1-seed-1-SA,1,1,SA,13280,BF16 autocast,4,8.366552352905273,0.008464683778584003,0.011508438736200333,0.42380372785068265,0.7181975841522217
world-1-seed-1-SA,1,1,SA,13280,BF16 autocast,5,9.011139869689941,0.011068022809922695,0.012608084827661514,0.4674764526054512,0.7322241067886353
world-1-seed-1-SA,1,1,SA,13280,BF16 autocast,6,9.435383796691895,0.012968623079359531,0.013017885386943817,0.49905215608999254,0.7459864616394043
world-1-seed-1-SA,1,1,SA,13280,BF16 autocast,7,12.110074043273926,0.02192896604537964,0.01820513606071472,0.5463923420389596,0.787356436252594
world-1-seed-1-SA,1,1,SA,13280,FP32 CPU diagnostic,0,17.235187530517578,0.005268988665193319,0.029354609549045563,0.15217911877877727,0.8386563658714294
world-1-seed-1-SA,1,1,SA,13280,FP32 CPU diagnostic,1,8.461589813232422,0.006325062830001116,0.013789999298751354,0.3144441110604412,0.7119677662849426
world-1-seed-1-SA,1,1,SA,13280,FP32 CPU diagnostic,2,10.716485023498535,0.013067410327494144,0.020501086488366127,0.38927600479626245,0.731008768081665
world-1-seed-1-SA,1,1,SA,13280,FP32 CPU diagnostic,3,9.549036979675293,0.010996364988386631,0.014870812185108662,0.4251088131740179,0.7216783165931702
world-1-seed-1-SA,1,1,SA,13280,FP32 CPU diagnostic,4,8.366724014282227,0.008464258164167404,0.011509721167385578,0.4237642396473485,0.7181761860847473
world-1-seed-1-SA,1,1,SA,13280,FP32 CPU diagnostic,5,9.011171340942383,0.011067602783441544,0.012608594261109829,0.46745694684901024,0.7322168350219727
world-1-seed-1-SA,1,1,SA,13280,FP32 CPU diagnostic,6,9.435330390930176,0.012967421673238277,0.013018112629652023,0.4990246312463141,0.7459819912910461
world-1-seed-1-SA,1,1,SA,13280,FP32 CPU diagnostic,7,12.109566688537598,0.02192627638578415,0.01820431463420391,0.546373124055492,0.7873420119285583
